50 200
0 38
41 12
7 9
47 2
22 23
19 14
8 19
40 29
32 37
9 26
11 39
27 8
11 42
41 49
35 41
12 42
43 39
32 0
1 25
11 22
42 26
8 18
25 5
39 41
29 22
36 48
0 18
24 40
3 49
18 45
25 44
8 39
20 3
2 37
45 27
22 28
5 9
40 18
25 19
10 19
19 45
4 45
10 27
34 42
35 21
45 8
34 39
39 31
31 37
32 31
19 44
40 25
10 3
3 4
46 3
15 36
39 14
33 11
41 7
30 28
7 20
33 16
41 11
49 45
3 8
11 15
31 27
14 28
48 37
41 15
43 13
26 35
9 6
42 17
21 32
48 13
7 27
38 35
37 34
25 31
39 2
36 26
8 14
3 28
15 5
12 4
13 29
5 13
8 34
44 7
17 26
3 1
38 44
38 11
26 39
8 24
48 41
0 12
48 3
17 0
9 0
18 27
15 30
29 28
28 4
46 41
6 34
7 23
7 8
36 8
11 17
8 15
39 12
41 45
43 11
23 34
32 45
21 49
19 23
13 40
2 24
3 47
44 13
48 7
23 47
5 36
39 23
5 38
16 48
19 39
37 42
49 10
7 38
3 2
1 21
7 40
25 6
28 39
31 0
21 14
40 35
47 48
49 18
20 1
29 34
20 11
26 10
0 39
13 7
18 1
24 10
24 31
20 39
5 28
36 16
17 35
18 10
1 9
17 19
24 39
12 2
36 43
13 22
15 49
26 14
36 47
46 36
7 10
2 34
36 24
14 22
0 4
28 46
14 20
16 1
13 0
30 36
48 9
18 4
13 8
36 29
15 0
24 25
35 27
22 49
1 27
11 40
30 19
24 34
4 17
25 23
5 41
46 44
40 31
38 29
13 19
43 30
5 29
16 17
9 37
